0110010001
0101111010
0110000101
0110001001
0110001111
0110001101
0110000111
0110000010
0110000100
0110001111
0101111011
0101111100
0110010000
0110010011
0110000101
0110001111
0110001110
0110000110
0110010011
0110001011
0101111101
0110001011
0110010010
0110010001
0110010011
0110000001
0110000001
0110001110
0110000000
0110001011
0110000111
0110000000
0101111010
0110001110
0110000011
0110011001
0110100000
0110001110
0110000000
0110001001
0110001100
0101111010
0110001000
0110000111
0101110111
0101110101
0110010001
0110000011
0110000011
0110001011
0101111111
0101111000
0101111010
0110010101
0101111011
0110010010
0110001111
0110001010
0110010010
0110000001
0110001111
0110001010
0101111101
0101111000
0110000001
0101111001
0110010100
0110001111
0101110111
0110001100
0110001111
0110010001
0110000111
0110000110
0110010001
0110000011
0110010010
0101111001
0110000101
0110000001
0110000000
0110001001
0101101111
0110001101
0101111110
0110001100
0110010000
0101110011
0110000101
0110010001
0110010011
0110011001
0110000011
0110000001
0110001010
0110001100
0101111111
0110000000
0110001101
0110001100
0110010011
0110000100
0110000000
0110100111
0101111010
0110000110
0110000001
0110001111
0110000111
0101110011
0110000010
0101111100
0110010000
0110001011
0110001010
0110010011
0110000100
0110000001
0110010100
0110011000
0101111001
0110000001
0101111000
0110001001
0110001101
0110101001
0110000001
0110000010
0110001101
0110010101
0101111011
0110011001
0110000101
0110000111
0101110110
0110001011
0110001010
0110011101
0110000000
0110000110
0110010110
0110000000
0110001011
0101111111
0110000101
0110000011
0110010010
0101111100
0110000001
0110011000
0110001011
0110001001
0110010100
0101111100
0110000101
0110001101
0110010011
0110010101
0110000111
0110001101
0110001100
0101111010
0110000010
0110001110
0101111100
0110010000
0101111111
0110001110
0101111001
0101111110
0110010000
0110001001
0110010010
0110001000
0110001111
0110011001
0110001110
0101100001
0110001111
0110000010
0101110000
0101110110
0101111010
0101111100
0110010111
0110001001
0110001010
0110000101
0110010011
0110000111
0101111110
0101111011
0110010010
0110001010
0101110011
0110001001
0110001101
0110010011
0110010101
0110000100
0110000101
0110000100
0110010010
0101101111
0110011100
0110010110
0110000100
0110001011
0110010110
0110000110
0110101111
0110001011
0110010011
0110001101
0110001011
0101101010
0110000010
0110000001
0101111011
0110001011
0101101000
0110001000
0101111101
0101110111
0110000001
0110000101
0110000100
0110001101
0101111010
0110000100
0110001101
0110001001
0110001001
0101111110
0110001100
0110010000
0110000110
0110001111
0110100000
0110010000
0110001100
0110011100
0101111110
0110010001
0101110100
0110010000
0101111001
0101101101
0110001000
0110000100
0101110111
0110010011
0110000001
0110011111
0101111101
0110000011
