0010001100100001110010011001110100110011101110000000001001010111110010110001110110000110000000100110100010101010101011001101000111111100010000000101100100110100111100100011010101100000001011100000010011000001010100011101101100111001001011010001010001000001
1100110101101100111001100100000000101110010000100010010100001100001010110101100110000000000100100001011110101000011101010111010000001010000111010111111000101000110001010101111000011010101000000001101011001010101010010010011011000100110101011010100100000001
0111100100000010011101111000111110111010100110000101111010110100111011101101001010010111101000000001111011100010011000100110000011011110100110101100110100101101101010010111010011111110010000010010100111110011101011110000001010010111001100001110000011001100
0110110010000000011001011100000101001011000111100011011110000110101010101000110010001101100001001101101011000110010000101100111000100111000101010010110000100001011010001010010011101111000100100100010101110001100000111010111101000101100100010101110011101110
1101011101010110100110101110001010010100101000111000010001111001111101010010001001110100111110100000010101111001000010010010001011010000101000011000011111010110100001111001101110000011011101001001010000101101011110100100000010101110110000101110001100011000
0111001011011101011011110001000000100001010111010001111110000111000000001000100100111101001010101010000000110110000101001101101011110100000001010001101100100101001010101101010010111101110100101100011100000101110100101111101110011110010011110011011000110000
1111001001111001110100111001101101010011111000110101110100110100010001101101001101100100111001000001100001111100011011100000101111011101100110000011110111011000110011000001110010110000111001010001100010111110101011010011000000100000000000100000011000010000
1001011111000100001001001100010001101110001011101111001101011001100000010011011011010001010110110110011110000001100100010110100000000001001101110111010010000010110100101010001101001000000111110110011101000000001000101000110101111111100111011000000110100111
0100100011011010011100001010010110101001100011011000111011011011010110101101100100001000010101111011111011010110000010000111011010101010110110100000001000011111001110000101010000010101111100000100100000011010110001111001100101000001110001100111111011001010
1000110111001100000000000110010001011110001001011101000001001011110100010111011001110000010111111100010100000101101011010010111000100011001101111001001011011011010100101010101100001010101100011011011000101101011100100101010101101110101011000101100111011111
